# no-guests | no-tables | table capacity
20 4 5

# for each guest: list with number of common interests per guest
0 5 5 7 1 7 7 10 2 0 5 2 1 6 10 0 9 9 10 10 
5 0 1 3 7 3 0 1 1 1 6 6 6 10 6 4 5 6 9 1 
5 1 0 8 5 3 1 6 0 0 4 2 0 2 6 1 10 10 6 3 
7 3 8 0 7 4 3 2 1 10 8 8 2 6 0 4 8 9 9 6 
1 7 5 7 0 8 2 6 4 2 1 7 5 1 0 2 1 1 6 9 
7 3 3 4 8 0 4 1 6 9 1 0 1 7 1 5 2 10 5 1 
7 0 1 3 2 4 0 1 7 1 6 3 1 4 2 7 1 9 0 5 
10 1 6 2 6 1 1 0 9 6 10 2 5 0 10 2 2 5 4 0 
2 1 0 1 4 6 7 9 0 4 5 1 7 1 6 1 2 4 9 5 
0 1 0 10 2 9 1 6 4 0 6 1 0 2 7 7 3 9 5 1 
5 6 4 8 1 1 6 10 5 6 0 4 7 8 5 5 9 1 5 0 
2 6 2 8 7 0 3 2 1 1 4 0 7 1 2 5 0 7 10 7 
1 6 0 2 5 1 1 5 7 0 7 7 0 8 6 1 5 8 0 8 
6 10 2 6 1 7 4 0 1 2 8 1 8 0 9 2 6 2 0 0 
10 6 6 0 0 1 2 10 6 7 5 2 6 9 0 4 4 10 7 3 
0 4 1 4 2 5 7 2 1 7 5 5 1 2 4 0 8 2 3 9 
9 5 10 8 1 2 1 2 2 3 9 0 5 6 4 8 0 1 5 9 
9 6 10 9 1 10 9 5 4 9 1 7 8 2 10 2 1 0 7 8 
10 9 6 9 6 5 0 4 9 5 5 10 0 0 7 3 5 7 0 0 
10 1 3 6 9 1 5 0 5 1 0 7 8 0 3 9 9 8 0 0 

# for each guest: partner (0 if single) | gender ∈ {M,F} | list of known guests
0 F 9 10 11 14 17 20 
20 M 9 10 13 16 17 
12 M 5 7 8 10 15 18 
6 M 7 9 10 12 
11 M 3 20 
4 F 16 18 
0 F 3 4 10 11 12 17 
0 F 3 11 12 13 14 17 18 
0 M 1 2 4 11 12 14 
0 F 1 2 3 4 7 11 13 17 
5 F 1 7 8 9 10 17 20 
3 F 4 7 8 9 14 
18 F 2 8 10 19 
0 M 1 8 9 12 
0 M 3 
0 F 2 6 
0 F 1 2 7 8 10 11 19 20 
13 M 3 6 8 20 
0 M 13 17 20 
2 F 1 5 11 17 18 19 
